-2.085 1
-0.039 1
1.221 1
-2.213 1
0.994 1
-1.288 1
2.186 1
-1.287 1
5.639 1
2.349 1
-1.467 1
-1.002 1
-0.575 1
-1.49 1
0.341 1
0.356 1
-2.81 1
-3.69 1
2.82 1
1.023 1
0.098 1
-4.315 1
-0.924 1
-1.36 1
-1.512 1
-2.459 1
-1.896 1
0.115 1
-0.935 1
-1.851 1
4.289 1
0.132 1
0.93 1
1.449 1
0.583 1
2.579 1
1.571 1
-0.381 1
-1.604 1
-3.725 1
0.667 1
-0.691 1
-2.033 1
1.345 1
0.199 1
-0.6 1
1.489 1
1.395 1
2.08 1
-0.162 1
2.147 2
4.325 2
6.182 2
7.411 2
-6.984 2
-4.672 2
9.731 2
2.303 2
1.568 2
6.48 2
-2.967 2
-5.295 2
-2.585 2
-0.488 2
-11.062 2
-3.244 2
-4.613 2
-2.417 2
5.071 2
1.77 2
-2.205 2
7.473 2
-5.043 2
-2.177 2
3.816 2
3.206 2
-2.502 2
1.245 2
-8.228 2
5.042 2
3.457 2
5.456 2
1.023 2
-9.525 2
3.95 2
2.068 2
-1.63 2
0.267 2
-9.768 2
-0.382 2
2.884 2
-0.561 2
-7.175 2
-9.939 2
-7.143 2
4.375 2
-1.141 2
8.355 2
1.938 2
-3.406 2
