0.053 0.222
-0.868 1.48
0.936 0.738
1.8 0.519
0.179 1.209
0.19 -1.011
0.869 -0.089
0.39 -0.574
-0.689 0.072
-0.075 0.239
-1.029 -0.077
2.001 0.685
1.158 0.268
-0.509 0.28
0.309 -0.186
-1.757 0.126
-1.091 1.121
-0.548 0.133
-0.189 -0.098
-1.116 -0.225
0.948 -0.938
1.402 1.378
-0.32 0.636
-0.526 0.126
0.872 0.795
-1.363 1.001
0.593 -1.192
0.137 1.056
-0.284 -1.901
-0.61 0.64
-0.56 0.068
-1.296 -0.154
1.307 -0.104
0.413 0.801
-1.243 -1.091
0.008 2.112
-0.962 -0.197
0.499 -0.135
-1.677 0.078
-1.108 0.263
1.023 -0.902
0.69 -0.944
-2.743 -0.137
0.604 0.77
0.14 -1.035
-0.958 -1.917
-3.135 -0.123
0.171 0.112
0.45 0.764
0.731 -1.04
