0.195 -2.132
1.478 4.098
0.637 0.013
0.974 1.65
-0.33 -4.681
0.863 1.112
-2.122 -13.378
0.71 0.367
-0.472 -5.372
-0.225 -4.171
1.102 2.271
0.457 -0.86
-0.288 -4.476
2.288 8.029
0.338 -1.438
-1.56 -10.655
-0.722 -6.584
0.217 -2.028
0.359 -1.338
0.87 1.144
1.157 2.535
-0.394 -4.993
-0.79 -6.914
-0.568 -5.836
0.296 -1.64
0.322 -1.517
0.968 1.621
-0.868 -7.295
0.034 -2.913
0.104 -2.577
1.446 3.938
-0.59 -5.945
-1.593 -10.815
0.443 -0.929
0.502 -0.642
0.835 0.974
0.596 -0.188
-0.408 -5.059
1.202 2.755
-2.068 -13.118
0.35 -1.382
-0.527 -5.636
1.816 5.735
-1.524 -10.475
-0.699 -6.472
-0.934 -7.614
0.195 -2.133
0.279 -1.725
0.299 -1.628
-0.027 -3.213
